gold_color = 1/255 * [255 215 0];
brown_color = 1/255 * [139 69 19];
indigo_color = 1/255 * [75 0 130];
midnight_blue = 1/255 * [25 25 112];
forest_green = 1/255 * [34 139 34];
dark_green = 1/255 * [0 100 0];
slate_blue = 1/255 * [106 90 205];
DeepPink2 = 1/255 * [238 18 137];
LightSalmon4 = 1/255 * [139 87 66];
MediumVioletRed = 1/255 * [199 21 133];
green4	= 1/255 *[0 139 0];
azure4 = [131 139 139];
RoyalBlue1 = 1/255 * [72 118 255];
OrangeRed2 = 1/255 * [238 64 0];
gold3 =	1/255 * [205 173 0];
MediumOrchid3 = 1/255 * [180 82 205];
HotPink3 = 1/255 *[205 96 144];
black = 1/255 * [0 0 0];
DarkOrange2 = 1/255 * [238 118 0];